R -20 -20

L -20 -20 20 -20
L -20 -18 20 -18
L -20 -16 20 -16
L -20 -14 20 -14
L -20 -12 20 -12
L -20 -10 20 -10
L -20 -8 20 -8
L -20 -6 20 -6
L -20 -4 20 -4
L -20 -2 20 -2
L -20 0 20 0
L -20 20 20 20
L -20 18 20 18
L -20 16 20 16
L -20 14 20 14
L -20 12 20 12
L -20 10 20 10
L -20 8 20 8
L -20 6 20 6
L -20 4 20 4
L -20 2 20 2

L 20 20 20 -20
L 18 20 18 -20
L 16 20 16 -20
L 14 20 14 -20
L 12 20 12 -20
L 10 20 10 -20
L 8 20 8 -20
L 6 20 6 -20
L 4 20 4 -20
L 2 20 2 -20
L 0 20 0 -20
L -20 20 -20 -20
L -18 20 -18 -20
L -16 20 -16 -20
L -14 20 -14 -20
L -12 20 -12 -20
L -10 20 -10 -20
L -8 20 -8 -20
L -6 20 -6 -20
L -4 20 -4 -20
L -2 20 -2 -20

B -5 5
B -15 15
B -15 -15
B 5 5

B 18 20
B 16 20
B 14 20
B 12 20
B 10 20
B 8 20
B 6 20
B 4 20
B 2 20
B 0 20
B -18 20
B -16 20
B -14 20
B -12 20
B -10 20
B -8 20
B -6 20
B -4 20
B -2 20

B 20 18
B 20 16
B 20 14
B 20 12
B 20 10
B 20 8
B 20 6
B 20 4
B 20 2
B 20 0
B 20 -18
B 20 -16
B 20 -14
B 20 -12
B 20 -10
B 20 -8
B 20 -6
B 20 -4
B 20 -2

B 18 -20
B 16 -20
B 14 -20
B 12 -20
B 10 -20
B 8 -20
B 6 -20
B 4 -20
B 2 -20
B 0 -20
B -18 -20
B -16 -20
B -14 -20
B -12 -20
B -10 -20
B -8 -20
B -6 -20
B -4 -20
B -2 -20

B -20 18
B -20 16
B -20 14
B -20 12
B -20 10
B -20 8
B -20 6
B -20 4
B -20 2
B -20 0
B -20 -18
B -20 -16
B -20 -14
B -20 -12
B -20 -10
B -20 -8
B -20 -6
B -20 -4
B -20 -2